m1 = 1.300000000000000e+01
m2 = 1.100000000000000e+01
tortoise = 1.000000000000000e+01
eta = 2.482638888888889e-01
KK = 3.913980338468737e-01
k0 = -7.447639215330089e-01
k1 = -6.380586501824999e-01
EMgamma = 0.577215664901532860606512090082402431
d1v2 = -7.476323019145448e+01
dheffSSv2 = 2.105103187692902e+01
